{
 "cells": [
  {
   "cell_type": "markdown",
   "metadata": {},
   "source": [
    "# Comparison of Different Categorical Encoding Methods"
   ]
  },
  {
   "cell_type": "code",
   "execution_count": 141,
   "metadata": {},
   "outputs": [],
   "source": [
    "import pandas as pd\n",
    "import numpy as np\n",
    "from sklearn.preprocessing import StandardScaler\n",
    "from sklearn.neighbors import KNeighborsClassifier\n",
    "from sklearn.ensemble import RandomForestClassifier\n",
    "from sklearn.tree import DecisionTreeClassifier\n",
    "from sklearn.metrics import accuracy_score, hamming_loss\n",
    "import category_encoders as ce\n",
    "from patsy import dmatrices, dmatrix, demo_data\n",
    "from pandas_pipeline_classes import feature_engineering as fe, helper, utils, preprocessing as ppc\n",
    "from sklearn.model_selection import train_test_split\n",
    "from sklearn.preprocessing import LabelEncoder\n",
    "from sklearn.pipeline import Pipeline\n",
    "from sklearn.metrics import accuracy_score\n",
    "from sklearn.linear_model import LogisticRegression\n",
    "from sklearn.svm import SVC"
   ]
  },
  {
   "cell_type": "markdown",
   "metadata": {},
   "source": [
    "### Read Data"
   ]
  },
  {
   "cell_type": "code",
   "execution_count": 12,
   "metadata": {},
   "outputs": [
    {
     "data": {
      "text/html": [
       "<div>\n",
       "<style>\n",
       "    .dataframe thead tr:only-child th {\n",
       "        text-align: right;\n",
       "    }\n",
       "\n",
       "    .dataframe thead th {\n",
       "        text-align: left;\n",
       "    }\n",
       "\n",
       "    .dataframe tbody tr th {\n",
       "        vertical-align: top;\n",
       "    }\n",
       "</style>\n",
       "<table border=\"1\" class=\"dataframe\">\n",
       "  <thead>\n",
       "    <tr style=\"text-align: right;\">\n",
       "      <th></th>\n",
       "      <th>buying</th>\n",
       "      <th>maint</th>\n",
       "      <th>doors</th>\n",
       "      <th>persons</th>\n",
       "      <th>lug_boot</th>\n",
       "      <th>safety</th>\n",
       "      <th>class</th>\n",
       "    </tr>\n",
       "  </thead>\n",
       "  <tbody>\n",
       "    <tr>\n",
       "      <th>0</th>\n",
       "      <td>vhigh</td>\n",
       "      <td>vhigh</td>\n",
       "      <td>2</td>\n",
       "      <td>2</td>\n",
       "      <td>small</td>\n",
       "      <td>low</td>\n",
       "      <td>unacc</td>\n",
       "    </tr>\n",
       "    <tr>\n",
       "      <th>1</th>\n",
       "      <td>vhigh</td>\n",
       "      <td>vhigh</td>\n",
       "      <td>2</td>\n",
       "      <td>2</td>\n",
       "      <td>small</td>\n",
       "      <td>med</td>\n",
       "      <td>unacc</td>\n",
       "    </tr>\n",
       "    <tr>\n",
       "      <th>2</th>\n",
       "      <td>vhigh</td>\n",
       "      <td>vhigh</td>\n",
       "      <td>2</td>\n",
       "      <td>2</td>\n",
       "      <td>small</td>\n",
       "      <td>high</td>\n",
       "      <td>unacc</td>\n",
       "    </tr>\n",
       "    <tr>\n",
       "      <th>3</th>\n",
       "      <td>vhigh</td>\n",
       "      <td>vhigh</td>\n",
       "      <td>2</td>\n",
       "      <td>2</td>\n",
       "      <td>med</td>\n",
       "      <td>low</td>\n",
       "      <td>unacc</td>\n",
       "    </tr>\n",
       "    <tr>\n",
       "      <th>4</th>\n",
       "      <td>vhigh</td>\n",
       "      <td>vhigh</td>\n",
       "      <td>2</td>\n",
       "      <td>2</td>\n",
       "      <td>med</td>\n",
       "      <td>med</td>\n",
       "      <td>unacc</td>\n",
       "    </tr>\n",
       "  </tbody>\n",
       "</table>\n",
       "</div>"
      ],
      "text/plain": [
       "  buying  maint doors persons lug_boot safety  class\n",
       "0  vhigh  vhigh     2       2    small    low  unacc\n",
       "1  vhigh  vhigh     2       2    small    med  unacc\n",
       "2  vhigh  vhigh     2       2    small   high  unacc\n",
       "3  vhigh  vhigh     2       2      med    low  unacc\n",
       "4  vhigh  vhigh     2       2      med    med  unacc"
      ]
     },
     "execution_count": 12,
     "metadata": {},
     "output_type": "execute_result"
    }
   ],
   "source": [
    "df = pd.read_csv('../Solutions/data/car.data', header=None)\n",
    "df.columns = ['buying','maint','doors','persons','lug_boot','safety','class']\n",
    "df.head()"
   ]
  },
  {
   "cell_type": "code",
   "execution_count": 13,
   "metadata": {},
   "outputs": [
    {
     "name": "stdout",
     "output_type": "stream",
     "text": [
      "<class 'pandas.core.frame.DataFrame'>\n",
      "RangeIndex: 1728 entries, 0 to 1727\n",
      "Data columns (total 7 columns):\n",
      "buying      1728 non-null object\n",
      "maint       1728 non-null object\n",
      "doors       1728 non-null object\n",
      "persons     1728 non-null object\n",
      "lug_boot    1728 non-null object\n",
      "safety      1728 non-null object\n",
      "class       1728 non-null object\n",
      "dtypes: object(7)\n",
      "memory usage: 94.6+ KB\n"
     ]
    }
   ],
   "source": [
    "df.info()"
   ]
  },
  {
   "cell_type": "code",
   "execution_count": 17,
   "metadata": {},
   "outputs": [
    {
     "data": {
      "text/plain": [
       "array(['vhigh', '2', 'small', 'low', 'unacc', 'med', 'high', 'big', '4',\n",
       "       'more', '3', '5more', 'acc', 'vgood', 'good'], dtype=object)"
      ]
     },
     "execution_count": 17,
     "metadata": {},
     "output_type": "execute_result"
    }
   ],
   "source": [
    "pd.Series(df.values.ravel()).unique()"
   ]
  },
  {
   "cell_type": "markdown",
   "metadata": {},
   "source": [
    "### Encoding Function"
   ]
  },
  {
   "cell_type": "code",
   "execution_count": 26,
   "metadata": {},
   "outputs": [],
   "source": [
    "encoder_dict = {'BD_E': ce.BackwardDifferenceEncoder(),\n",
    " 'B_E': ce.BinaryEncoder(),\n",
    " 'H_E': ce.HashingEncoder(),\n",
    " 'HEL_E': ce.HelmertEncoder(),\n",
    " 'OH_E': ce.OneHotEncoder(),\n",
    " 'O_E': ce.OrdinalEncoder(),\n",
    " 'S_E': ce.SumEncoder(),\n",
    " 'P_E': ce.PolynomialEncoder(),\n",
    " 'BN_E': ce.BaseNEncoder(),\n",
    " 'T_E': ce.TargetEncoder(),\n",
    " 'L_E': ce.LeaveOneOutEncoder()}"
   ]
  },
  {
   "cell_type": "markdown",
   "metadata": {},
   "source": [
    "### Split Train and Test"
   ]
  },
  {
   "cell_type": "code",
   "execution_count": 28,
   "metadata": {},
   "outputs": [],
   "source": [
    "X_train, X_test, y_train, y_test = train_test_split(df.drop(['class'], axis=1), df['class'], test_size=0.2, random_state=42)"
   ]
  },
  {
   "cell_type": "code",
   "execution_count": 32,
   "metadata": {},
   "outputs": [],
   "source": [
    "le = LabelEncoder()"
   ]
  },
  {
   "cell_type": "code",
   "execution_count": 34,
   "metadata": {},
   "outputs": [],
   "source": [
    "y_train_encoded = le.fit_transform(y_train)\n",
    "y_test_encoded = le.transform(y_test)"
   ]
  },
  {
   "cell_type": "markdown",
   "metadata": {},
   "source": [
    "### Pipeline"
   ]
  },
  {
   "cell_type": "code",
   "execution_count": 143,
   "metadata": {},
   "outputs": [],
   "source": [
    "class EncoderComparison():\n",
    "    \n",
    "    def __init__(self,X_train, y_train, X_test, y_test,\n",
    "                 classifier, encoder, scale=True):\n",
    "        self.clf = classifier\n",
    "        self.ec = encoder\n",
    "        self.scale = scale\n",
    "        \n",
    "        self.X_train = X_train\n",
    "        self.y_train = y_train\n",
    "        \n",
    "        self.X_test = X_test\n",
    "        self.y_test = y_test\n",
    "        \n",
    "        self.pipe = None\n",
    "        self.encoder = None\n",
    "        self.label_encoder = LabelEncoder()\n",
    "        \n",
    "        self.df_transformed = None\n",
    "        self.scores = {}\n",
    "        \n",
    "        self.clf_dict = {\n",
    "            'rf': RandomForestClassifier(),\n",
    "            'knn': KNeighborsClassifier(),\n",
    "            'tree': DecisionTreeClassifier(),\n",
    "            'svc': SVC(),\n",
    "            'lr': LogisticRegression()\n",
    "        }\n",
    "        \n",
    "        self.encoder_dict = {\n",
    "            'BD_E': ce.BackwardDifferenceEncoder(),\n",
    "            'B_E': ce.BinaryEncoder(),\n",
    "            'H_E': ce.HashingEncoder(),\n",
    "            'HEL_E': ce.HelmertEncoder(),\n",
    "            'OH_E': ce.OneHotEncoder(),\n",
    "            'O_E': ce.OrdinalEncoder(),\n",
    "            'S_E': ce.SumEncoder(),\n",
    "            'P_E': ce.PolynomialEncoder(),\n",
    "            'BN_E': ce.BaseNEncoder(),\n",
    "            'T_E': ce.TargetEncoder(),\n",
    "            'L_E': ce.LeaveOneOutEncoder()\n",
    "        }\n",
    "        \n",
    "    def __create_pipe__(self):\n",
    "        if self.scale==True:\n",
    "            self.pipe = Pipeline([\n",
    "                ('DummeEncode', self.encoder_dict[self.ec]),\n",
    "                ('Scaler', StandardScaler()),\n",
    "                ('clf', self.clf_dict[self.clf])\n",
    "            ])\n",
    "        else:\n",
    "            self.pipe = Pipeline([\n",
    "                ('DummeEncode', self.encoder_dict[self.ec]),\n",
    "                ('Scaler', StandardScaler()),\n",
    "                ('clf', self.clf_dict[self.clf])\n",
    "            ])\n",
    "    \n",
    "    def __computeEncodedDF__(self):\n",
    "        ec_pipe = Pipeline(self.pipe.steps[:-2])\n",
    "        df_X = pd.DataFrame(ec_pipe.transform(X_train))\n",
    "        df_y = self.label_encoder.transform(y_train)\n",
    "        df = df_X.join(y_train)\n",
    "        df['label_encoded'] = df_y\n",
    "        return df\n",
    "    \n",
    "    def compute_scores(self):\n",
    "        self.__create_pipe__()\n",
    "        y_train_encoded = self.label_encoder.fit_transform(y_train)\n",
    "        y_test_encoded = self.label_encoder.fit_transform(y_test)\n",
    "        \n",
    "        self.pipe.fit(X_train, y_train_encoded)\n",
    "        \n",
    "        y_pred = self.pipe.predict(X_test)\n",
    "        \n",
    "        hamming = hamming_loss(y_test_encoded, y_pred)\n",
    "        acc = accuracy_score(y_test_encoded, y_pred)\n",
    "        \n",
    "        self.scores['hamming'] = hamming\n",
    "        self.scores['acc'] = acc\n",
    "        return self.scores"
   ]
  },
  {
   "cell_type": "code",
   "execution_count": 121,
   "metadata": {},
   "outputs": [],
   "source": [
    "encoder_dict = {'BD_E': ce.BackwardDifferenceEncoder(),\n",
    " 'B_E': ce.BinaryEncoder(),\n",
    " 'H_E': ce.HashingEncoder(),\n",
    " 'HEL_E': ce.HelmertEncoder(),\n",
    " 'OH_E': ce.OneHotEncoder(),\n",
    " 'O_E': ce.OrdinalEncoder(),\n",
    " 'S_E': ce.SumEncoder(),\n",
    " 'P_E': ce.PolynomialEncoder(),\n",
    " 'BN_E': ce.BaseNEncoder(),\n",
    " 'T_E': ce.TargetEncoder(),\n",
    "# 'L_E': ce.LeaveOneOutEncoder()\n",
    "               }"
   ]
  },
  {
   "cell_type": "code",
   "execution_count": 144,
   "metadata": {},
   "outputs": [],
   "source": [
    "clf_dict = {\n",
    "            'rf': RandomForestClassifier(),\n",
    "            'knn': KNeighborsClassifier(),\n",
    "            'tree': DecisionTreeClassifier()\n",
    "        }\n",
    "\n",
    "clf_dict = {\n",
    "            'rf': RandomForestClassifier(),\n",
    "            'knn': KNeighborsClassifier(),\n",
    "            'tree': DecisionTreeClassifier(),\n",
    "            'svc': SVC(),\n",
    "            'lr': LogisticRegression()\n",
    "        }"
   ]
  },
  {
   "cell_type": "code",
   "execution_count": 145,
   "metadata": {},
   "outputs": [],
   "source": [
    "def computeResults(clf, scale=True):\n",
    "    idx = []\n",
    "    cols = [clf+'hamming', clf+'acc']\n",
    "    hamming = []\n",
    "    acc = []\n",
    "    for key in encoder_dict:\n",
    "        idx.append(key)\n",
    "        encoderComp = EncoderComparison(X_train, y_train, X_test, y_test, clf, key, scale)\n",
    "        result = encoderComp.compute_scores()\n",
    "        hamming.append(result['hamming'])\n",
    "        acc.append(result['acc'])\n",
    "    df_result = pd.DataFrame({clf + '_hamming': hamming, clf + '_acc': acc})\n",
    "    df_result.index = idx\n",
    "    return df_result"
   ]
  },
  {
   "cell_type": "code",
   "execution_count": 146,
   "metadata": {},
   "outputs": [
    {
     "name": "stderr",
     "output_type": "stream",
     "text": [
      "/opt/anaconda3/lib/python3.6/site-packages/sklearn/svm/base.py:194: FutureWarning: The default value of gamma will change from 'auto' to 'scale' in version 0.22 to account better for unscaled features. Set gamma explicitly to 'auto' or 'scale' to avoid this warning.\n",
      "  \"avoid this warning.\", FutureWarning)\n",
      "/opt/anaconda3/lib/python3.6/site-packages/sklearn/svm/base.py:194: FutureWarning: The default value of gamma will change from 'auto' to 'scale' in version 0.22 to account better for unscaled features. Set gamma explicitly to 'auto' or 'scale' to avoid this warning.\n",
      "  \"avoid this warning.\", FutureWarning)\n",
      "/opt/anaconda3/lib/python3.6/site-packages/sklearn/svm/base.py:194: FutureWarning: The default value of gamma will change from 'auto' to 'scale' in version 0.22 to account better for unscaled features. Set gamma explicitly to 'auto' or 'scale' to avoid this warning.\n",
      "  \"avoid this warning.\", FutureWarning)\n",
      "/opt/anaconda3/lib/python3.6/site-packages/sklearn/svm/base.py:194: FutureWarning: The default value of gamma will change from 'auto' to 'scale' in version 0.22 to account better for unscaled features. Set gamma explicitly to 'auto' or 'scale' to avoid this warning.\n",
      "  \"avoid this warning.\", FutureWarning)\n",
      "/opt/anaconda3/lib/python3.6/site-packages/sklearn/svm/base.py:194: FutureWarning: The default value of gamma will change from 'auto' to 'scale' in version 0.22 to account better for unscaled features. Set gamma explicitly to 'auto' or 'scale' to avoid this warning.\n",
      "  \"avoid this warning.\", FutureWarning)\n",
      "/opt/anaconda3/lib/python3.6/site-packages/sklearn/svm/base.py:194: FutureWarning: The default value of gamma will change from 'auto' to 'scale' in version 0.22 to account better for unscaled features. Set gamma explicitly to 'auto' or 'scale' to avoid this warning.\n",
      "  \"avoid this warning.\", FutureWarning)\n"
     ]
    }
   ],
   "source": [
    "final_df = pd.DataFrame()\n",
    "for element in clf_dict:\n",
    "    df_temp = computeResults(element)\n",
    "    final_df = pd.concat([final_df, df_temp], axis=1)"
   ]
  },
  {
   "cell_type": "code",
   "execution_count": 147,
   "metadata": {},
   "outputs": [
    {
     "data": {
      "text/html": [
       "<div>\n",
       "<style>\n",
       "    .dataframe thead tr:only-child th {\n",
       "        text-align: right;\n",
       "    }\n",
       "\n",
       "    .dataframe thead th {\n",
       "        text-align: left;\n",
       "    }\n",
       "\n",
       "    .dataframe tbody tr th {\n",
       "        vertical-align: top;\n",
       "    }\n",
       "</style>\n",
       "<table border=\"1\" class=\"dataframe\">\n",
       "  <thead>\n",
       "    <tr style=\"text-align: right;\">\n",
       "      <th></th>\n",
       "      <th>rf_acc</th>\n",
       "      <th>rf_hamming</th>\n",
       "      <th>knn_acc</th>\n",
       "      <th>knn_hamming</th>\n",
       "      <th>tree_acc</th>\n",
       "      <th>tree_hamming</th>\n",
       "      <th>svc_acc</th>\n",
       "      <th>svc_hamming</th>\n",
       "      <th>lr_acc</th>\n",
       "      <th>lr_hamming</th>\n",
       "    </tr>\n",
       "  </thead>\n",
       "  <tbody>\n",
       "    <tr>\n",
       "      <th>BD_E</th>\n",
       "      <td>0.890173</td>\n",
       "      <td>0.109827</td>\n",
       "      <td>0.913295</td>\n",
       "      <td>0.086705</td>\n",
       "      <td>0.965318</td>\n",
       "      <td>0.034682</td>\n",
       "      <td>0.959538</td>\n",
       "      <td>0.040462</td>\n",
       "      <td>0.872832</td>\n",
       "      <td>0.127168</td>\n",
       "    </tr>\n",
       "    <tr>\n",
       "      <th>B_E</th>\n",
       "      <td>0.872832</td>\n",
       "      <td>0.127168</td>\n",
       "      <td>0.806358</td>\n",
       "      <td>0.193642</td>\n",
       "      <td>0.921965</td>\n",
       "      <td>0.078035</td>\n",
       "      <td>0.913295</td>\n",
       "      <td>0.086705</td>\n",
       "      <td>0.783237</td>\n",
       "      <td>0.216763</td>\n",
       "    </tr>\n",
       "    <tr>\n",
       "      <th>H_E</th>\n",
       "      <td>0.676301</td>\n",
       "      <td>0.323699</td>\n",
       "      <td>0.658960</td>\n",
       "      <td>0.341040</td>\n",
       "      <td>0.676301</td>\n",
       "      <td>0.323699</td>\n",
       "      <td>0.676301</td>\n",
       "      <td>0.323699</td>\n",
       "      <td>0.679191</td>\n",
       "      <td>0.320809</td>\n",
       "    </tr>\n",
       "    <tr>\n",
       "      <th>HEL_E</th>\n",
       "      <td>0.942197</td>\n",
       "      <td>0.057803</td>\n",
       "      <td>0.815029</td>\n",
       "      <td>0.184971</td>\n",
       "      <td>0.953757</td>\n",
       "      <td>0.046243</td>\n",
       "      <td>0.962428</td>\n",
       "      <td>0.037572</td>\n",
       "      <td>0.875723</td>\n",
       "      <td>0.124277</td>\n",
       "    </tr>\n",
       "    <tr>\n",
       "      <th>OH_E</th>\n",
       "      <td>0.936416</td>\n",
       "      <td>0.063584</td>\n",
       "      <td>0.835260</td>\n",
       "      <td>0.164740</td>\n",
       "      <td>0.959538</td>\n",
       "      <td>0.040462</td>\n",
       "      <td>0.959538</td>\n",
       "      <td>0.040462</td>\n",
       "      <td>0.875723</td>\n",
       "      <td>0.124277</td>\n",
       "    </tr>\n",
       "    <tr>\n",
       "      <th>O_E</th>\n",
       "      <td>0.959538</td>\n",
       "      <td>0.040462</td>\n",
       "      <td>0.919075</td>\n",
       "      <td>0.080925</td>\n",
       "      <td>0.950867</td>\n",
       "      <td>0.049133</td>\n",
       "      <td>0.933526</td>\n",
       "      <td>0.066474</td>\n",
       "      <td>0.745665</td>\n",
       "      <td>0.254335</td>\n",
       "    </tr>\n",
       "    <tr>\n",
       "      <th>S_E</th>\n",
       "      <td>0.942197</td>\n",
       "      <td>0.057803</td>\n",
       "      <td>0.930636</td>\n",
       "      <td>0.069364</td>\n",
       "      <td>0.962428</td>\n",
       "      <td>0.037572</td>\n",
       "      <td>0.945087</td>\n",
       "      <td>0.054913</td>\n",
       "      <td>0.872832</td>\n",
       "      <td>0.127168</td>\n",
       "    </tr>\n",
       "    <tr>\n",
       "      <th>P_E</th>\n",
       "      <td>0.950867</td>\n",
       "      <td>0.049133</td>\n",
       "      <td>0.809249</td>\n",
       "      <td>0.190751</td>\n",
       "      <td>0.968208</td>\n",
       "      <td>0.031792</td>\n",
       "      <td>0.962428</td>\n",
       "      <td>0.037572</td>\n",
       "      <td>0.875723</td>\n",
       "      <td>0.124277</td>\n",
       "    </tr>\n",
       "    <tr>\n",
       "      <th>BN_E</th>\n",
       "      <td>0.820809</td>\n",
       "      <td>0.179191</td>\n",
       "      <td>0.806358</td>\n",
       "      <td>0.193642</td>\n",
       "      <td>0.910405</td>\n",
       "      <td>0.089595</td>\n",
       "      <td>0.913295</td>\n",
       "      <td>0.086705</td>\n",
       "      <td>0.783237</td>\n",
       "      <td>0.216763</td>\n",
       "    </tr>\n",
       "    <tr>\n",
       "      <th>T_E</th>\n",
       "      <td>0.910405</td>\n",
       "      <td>0.089595</td>\n",
       "      <td>0.748555</td>\n",
       "      <td>0.251445</td>\n",
       "      <td>0.947977</td>\n",
       "      <td>0.052023</td>\n",
       "      <td>0.751445</td>\n",
       "      <td>0.248555</td>\n",
       "      <td>0.728324</td>\n",
       "      <td>0.271676</td>\n",
       "    </tr>\n",
       "  </tbody>\n",
       "</table>\n",
       "</div>"
      ],
      "text/plain": [
       "         rf_acc  rf_hamming   knn_acc  knn_hamming  tree_acc  tree_hamming  \\\n",
       "BD_E   0.890173    0.109827  0.913295     0.086705  0.965318      0.034682   \n",
       "B_E    0.872832    0.127168  0.806358     0.193642  0.921965      0.078035   \n",
       "H_E    0.676301    0.323699  0.658960     0.341040  0.676301      0.323699   \n",
       "HEL_E  0.942197    0.057803  0.815029     0.184971  0.953757      0.046243   \n",
       "OH_E   0.936416    0.063584  0.835260     0.164740  0.959538      0.040462   \n",
       "O_E    0.959538    0.040462  0.919075     0.080925  0.950867      0.049133   \n",
       "S_E    0.942197    0.057803  0.930636     0.069364  0.962428      0.037572   \n",
       "P_E    0.950867    0.049133  0.809249     0.190751  0.968208      0.031792   \n",
       "BN_E   0.820809    0.179191  0.806358     0.193642  0.910405      0.089595   \n",
       "T_E    0.910405    0.089595  0.748555     0.251445  0.947977      0.052023   \n",
       "\n",
       "        svc_acc  svc_hamming    lr_acc  lr_hamming  \n",
       "BD_E   0.959538     0.040462  0.872832    0.127168  \n",
       "B_E    0.913295     0.086705  0.783237    0.216763  \n",
       "H_E    0.676301     0.323699  0.679191    0.320809  \n",
       "HEL_E  0.962428     0.037572  0.875723    0.124277  \n",
       "OH_E   0.959538     0.040462  0.875723    0.124277  \n",
       "O_E    0.933526     0.066474  0.745665    0.254335  \n",
       "S_E    0.945087     0.054913  0.872832    0.127168  \n",
       "P_E    0.962428     0.037572  0.875723    0.124277  \n",
       "BN_E   0.913295     0.086705  0.783237    0.216763  \n",
       "T_E    0.751445     0.248555  0.728324    0.271676  "
      ]
     },
     "execution_count": 147,
     "metadata": {},
     "output_type": "execute_result"
    }
   ],
   "source": [
    "final_df"
   ]
  },
  {
   "cell_type": "code",
   "execution_count": 150,
   "metadata": {},
   "outputs": [
    {
     "data": {
      "text/html": [
       "<div>\n",
       "<style>\n",
       "    .dataframe thead tr:only-child th {\n",
       "        text-align: right;\n",
       "    }\n",
       "\n",
       "    .dataframe thead th {\n",
       "        text-align: left;\n",
       "    }\n",
       "\n",
       "    .dataframe tbody tr th {\n",
       "        vertical-align: top;\n",
       "    }\n",
       "</style>\n",
       "<table border=\"1\" class=\"dataframe\">\n",
       "  <thead>\n",
       "    <tr style=\"text-align: right;\">\n",
       "      <th></th>\n",
       "      <th>rf_acc</th>\n",
       "      <th>rf_hamming</th>\n",
       "      <th>knn_acc</th>\n",
       "      <th>knn_hamming</th>\n",
       "      <th>tree_acc</th>\n",
       "      <th>tree_hamming</th>\n",
       "      <th>svc_acc</th>\n",
       "      <th>svc_hamming</th>\n",
       "      <th>lr_acc</th>\n",
       "      <th>lr_hamming</th>\n",
       "    </tr>\n",
       "  </thead>\n",
       "  <tbody>\n",
       "    <tr>\n",
       "      <th>S_E</th>\n",
       "      <td>0.953757</td>\n",
       "      <td>0.046243</td>\n",
       "      <td>0.930636</td>\n",
       "      <td>0.069364</td>\n",
       "      <td>0.962428</td>\n",
       "      <td>0.037572</td>\n",
       "      <td>0.945087</td>\n",
       "      <td>0.054913</td>\n",
       "      <td>0.872832</td>\n",
       "      <td>0.127168</td>\n",
       "    </tr>\n",
       "    <tr>\n",
       "      <th>HEL_E</th>\n",
       "      <td>0.933526</td>\n",
       "      <td>0.066474</td>\n",
       "      <td>0.815029</td>\n",
       "      <td>0.184971</td>\n",
       "      <td>0.956647</td>\n",
       "      <td>0.043353</td>\n",
       "      <td>0.962428</td>\n",
       "      <td>0.037572</td>\n",
       "      <td>0.875723</td>\n",
       "      <td>0.124277</td>\n",
       "    </tr>\n",
       "    <tr>\n",
       "      <th>BD_E</th>\n",
       "      <td>0.930636</td>\n",
       "      <td>0.069364</td>\n",
       "      <td>0.913295</td>\n",
       "      <td>0.086705</td>\n",
       "      <td>0.959538</td>\n",
       "      <td>0.040462</td>\n",
       "      <td>0.959538</td>\n",
       "      <td>0.040462</td>\n",
       "      <td>0.872832</td>\n",
       "      <td>0.127168</td>\n",
       "    </tr>\n",
       "    <tr>\n",
       "      <th>OH_E</th>\n",
       "      <td>0.930636</td>\n",
       "      <td>0.069364</td>\n",
       "      <td>0.835260</td>\n",
       "      <td>0.164740</td>\n",
       "      <td>0.962428</td>\n",
       "      <td>0.037572</td>\n",
       "      <td>0.959538</td>\n",
       "      <td>0.040462</td>\n",
       "      <td>0.875723</td>\n",
       "      <td>0.124277</td>\n",
       "    </tr>\n",
       "    <tr>\n",
       "      <th>P_E</th>\n",
       "      <td>0.930636</td>\n",
       "      <td>0.069364</td>\n",
       "      <td>0.809249</td>\n",
       "      <td>0.190751</td>\n",
       "      <td>0.968208</td>\n",
       "      <td>0.031792</td>\n",
       "      <td>0.962428</td>\n",
       "      <td>0.037572</td>\n",
       "      <td>0.875723</td>\n",
       "      <td>0.124277</td>\n",
       "    </tr>\n",
       "    <tr>\n",
       "      <th>T_E</th>\n",
       "      <td>0.930636</td>\n",
       "      <td>0.069364</td>\n",
       "      <td>0.748555</td>\n",
       "      <td>0.251445</td>\n",
       "      <td>0.947977</td>\n",
       "      <td>0.052023</td>\n",
       "      <td>0.751445</td>\n",
       "      <td>0.248555</td>\n",
       "      <td>0.728324</td>\n",
       "      <td>0.271676</td>\n",
       "    </tr>\n",
       "    <tr>\n",
       "      <th>O_E</th>\n",
       "      <td>0.921965</td>\n",
       "      <td>0.078035</td>\n",
       "      <td>0.919075</td>\n",
       "      <td>0.080925</td>\n",
       "      <td>0.962428</td>\n",
       "      <td>0.037572</td>\n",
       "      <td>0.933526</td>\n",
       "      <td>0.066474</td>\n",
       "      <td>0.745665</td>\n",
       "      <td>0.254335</td>\n",
       "    </tr>\n",
       "    <tr>\n",
       "      <th>B_E</th>\n",
       "      <td>0.852601</td>\n",
       "      <td>0.147399</td>\n",
       "      <td>0.806358</td>\n",
       "      <td>0.193642</td>\n",
       "      <td>0.913295</td>\n",
       "      <td>0.086705</td>\n",
       "      <td>0.913295</td>\n",
       "      <td>0.086705</td>\n",
       "      <td>0.783237</td>\n",
       "      <td>0.216763</td>\n",
       "    </tr>\n",
       "    <tr>\n",
       "      <th>BN_E</th>\n",
       "      <td>0.843931</td>\n",
       "      <td>0.156069</td>\n",
       "      <td>0.806358</td>\n",
       "      <td>0.193642</td>\n",
       "      <td>0.907514</td>\n",
       "      <td>0.092486</td>\n",
       "      <td>0.913295</td>\n",
       "      <td>0.086705</td>\n",
       "      <td>0.783237</td>\n",
       "      <td>0.216763</td>\n",
       "    </tr>\n",
       "    <tr>\n",
       "      <th>H_E</th>\n",
       "      <td>0.676301</td>\n",
       "      <td>0.323699</td>\n",
       "      <td>0.658960</td>\n",
       "      <td>0.341040</td>\n",
       "      <td>0.676301</td>\n",
       "      <td>0.323699</td>\n",
       "      <td>0.676301</td>\n",
       "      <td>0.323699</td>\n",
       "      <td>0.679191</td>\n",
       "      <td>0.320809</td>\n",
       "    </tr>\n",
       "  </tbody>\n",
       "</table>\n",
       "</div>"
      ],
      "text/plain": [
       "         rf_acc  rf_hamming   knn_acc  knn_hamming  tree_acc  tree_hamming  \\\n",
       "S_E    0.953757    0.046243  0.930636     0.069364  0.962428      0.037572   \n",
       "HEL_E  0.933526    0.066474  0.815029     0.184971  0.956647      0.043353   \n",
       "BD_E   0.930636    0.069364  0.913295     0.086705  0.959538      0.040462   \n",
       "OH_E   0.930636    0.069364  0.835260     0.164740  0.962428      0.037572   \n",
       "P_E    0.930636    0.069364  0.809249     0.190751  0.968208      0.031792   \n",
       "T_E    0.930636    0.069364  0.748555     0.251445  0.947977      0.052023   \n",
       "O_E    0.921965    0.078035  0.919075     0.080925  0.962428      0.037572   \n",
       "B_E    0.852601    0.147399  0.806358     0.193642  0.913295      0.086705   \n",
       "BN_E   0.843931    0.156069  0.806358     0.193642  0.907514      0.092486   \n",
       "H_E    0.676301    0.323699  0.658960     0.341040  0.676301      0.323699   \n",
       "\n",
       "        svc_acc  svc_hamming    lr_acc  lr_hamming  \n",
       "S_E    0.945087     0.054913  0.872832    0.127168  \n",
       "HEL_E  0.962428     0.037572  0.875723    0.124277  \n",
       "BD_E   0.959538     0.040462  0.872832    0.127168  \n",
       "OH_E   0.959538     0.040462  0.875723    0.124277  \n",
       "P_E    0.962428     0.037572  0.875723    0.124277  \n",
       "T_E    0.751445     0.248555  0.728324    0.271676  \n",
       "O_E    0.933526     0.066474  0.745665    0.254335  \n",
       "B_E    0.913295     0.086705  0.783237    0.216763  \n",
       "BN_E   0.913295     0.086705  0.783237    0.216763  \n",
       "H_E    0.676301     0.323699  0.679191    0.320809  "
      ]
     },
     "execution_count": 150,
     "metadata": {},
     "output_type": "execute_result"
    }
   ],
   "source": [
    "final_df.sort_values('rf_hamming')"
   ]
  },
  {
   "cell_type": "code",
   "execution_count": 151,
   "metadata": {},
   "outputs": [
    {
     "data": {
      "text/html": [
       "<div>\n",
       "<style>\n",
       "    .dataframe thead tr:only-child th {\n",
       "        text-align: right;\n",
       "    }\n",
       "\n",
       "    .dataframe thead th {\n",
       "        text-align: left;\n",
       "    }\n",
       "\n",
       "    .dataframe tbody tr th {\n",
       "        vertical-align: top;\n",
       "    }\n",
       "</style>\n",
       "<table border=\"1\" class=\"dataframe\">\n",
       "  <thead>\n",
       "    <tr style=\"text-align: right;\">\n",
       "      <th></th>\n",
       "      <th>rf_acc</th>\n",
       "      <th>rf_hamming</th>\n",
       "      <th>knn_acc</th>\n",
       "      <th>knn_hamming</th>\n",
       "      <th>tree_acc</th>\n",
       "      <th>tree_hamming</th>\n",
       "      <th>svc_acc</th>\n",
       "      <th>svc_hamming</th>\n",
       "      <th>lr_acc</th>\n",
       "      <th>lr_hamming</th>\n",
       "    </tr>\n",
       "  </thead>\n",
       "  <tbody>\n",
       "    <tr>\n",
       "      <th>S_E</th>\n",
       "      <td>0.953757</td>\n",
       "      <td>0.046243</td>\n",
       "      <td>0.930636</td>\n",
       "      <td>0.069364</td>\n",
       "      <td>0.962428</td>\n",
       "      <td>0.037572</td>\n",
       "      <td>0.945087</td>\n",
       "      <td>0.054913</td>\n",
       "      <td>0.872832</td>\n",
       "      <td>0.127168</td>\n",
       "    </tr>\n",
       "    <tr>\n",
       "      <th>O_E</th>\n",
       "      <td>0.921965</td>\n",
       "      <td>0.078035</td>\n",
       "      <td>0.919075</td>\n",
       "      <td>0.080925</td>\n",
       "      <td>0.962428</td>\n",
       "      <td>0.037572</td>\n",
       "      <td>0.933526</td>\n",
       "      <td>0.066474</td>\n",
       "      <td>0.745665</td>\n",
       "      <td>0.254335</td>\n",
       "    </tr>\n",
       "    <tr>\n",
       "      <th>BD_E</th>\n",
       "      <td>0.930636</td>\n",
       "      <td>0.069364</td>\n",
       "      <td>0.913295</td>\n",
       "      <td>0.086705</td>\n",
       "      <td>0.959538</td>\n",
       "      <td>0.040462</td>\n",
       "      <td>0.959538</td>\n",
       "      <td>0.040462</td>\n",
       "      <td>0.872832</td>\n",
       "      <td>0.127168</td>\n",
       "    </tr>\n",
       "    <tr>\n",
       "      <th>OH_E</th>\n",
       "      <td>0.930636</td>\n",
       "      <td>0.069364</td>\n",
       "      <td>0.835260</td>\n",
       "      <td>0.164740</td>\n",
       "      <td>0.962428</td>\n",
       "      <td>0.037572</td>\n",
       "      <td>0.959538</td>\n",
       "      <td>0.040462</td>\n",
       "      <td>0.875723</td>\n",
       "      <td>0.124277</td>\n",
       "    </tr>\n",
       "    <tr>\n",
       "      <th>HEL_E</th>\n",
       "      <td>0.933526</td>\n",
       "      <td>0.066474</td>\n",
       "      <td>0.815029</td>\n",
       "      <td>0.184971</td>\n",
       "      <td>0.956647</td>\n",
       "      <td>0.043353</td>\n",
       "      <td>0.962428</td>\n",
       "      <td>0.037572</td>\n",
       "      <td>0.875723</td>\n",
       "      <td>0.124277</td>\n",
       "    </tr>\n",
       "    <tr>\n",
       "      <th>P_E</th>\n",
       "      <td>0.930636</td>\n",
       "      <td>0.069364</td>\n",
       "      <td>0.809249</td>\n",
       "      <td>0.190751</td>\n",
       "      <td>0.968208</td>\n",
       "      <td>0.031792</td>\n",
       "      <td>0.962428</td>\n",
       "      <td>0.037572</td>\n",
       "      <td>0.875723</td>\n",
       "      <td>0.124277</td>\n",
       "    </tr>\n",
       "    <tr>\n",
       "      <th>B_E</th>\n",
       "      <td>0.852601</td>\n",
       "      <td>0.147399</td>\n",
       "      <td>0.806358</td>\n",
       "      <td>0.193642</td>\n",
       "      <td>0.913295</td>\n",
       "      <td>0.086705</td>\n",
       "      <td>0.913295</td>\n",
       "      <td>0.086705</td>\n",
       "      <td>0.783237</td>\n",
       "      <td>0.216763</td>\n",
       "    </tr>\n",
       "    <tr>\n",
       "      <th>BN_E</th>\n",
       "      <td>0.843931</td>\n",
       "      <td>0.156069</td>\n",
       "      <td>0.806358</td>\n",
       "      <td>0.193642</td>\n",
       "      <td>0.907514</td>\n",
       "      <td>0.092486</td>\n",
       "      <td>0.913295</td>\n",
       "      <td>0.086705</td>\n",
       "      <td>0.783237</td>\n",
       "      <td>0.216763</td>\n",
       "    </tr>\n",
       "    <tr>\n",
       "      <th>T_E</th>\n",
       "      <td>0.930636</td>\n",
       "      <td>0.069364</td>\n",
       "      <td>0.748555</td>\n",
       "      <td>0.251445</td>\n",
       "      <td>0.947977</td>\n",
       "      <td>0.052023</td>\n",
       "      <td>0.751445</td>\n",
       "      <td>0.248555</td>\n",
       "      <td>0.728324</td>\n",
       "      <td>0.271676</td>\n",
       "    </tr>\n",
       "    <tr>\n",
       "      <th>H_E</th>\n",
       "      <td>0.676301</td>\n",
       "      <td>0.323699</td>\n",
       "      <td>0.658960</td>\n",
       "      <td>0.341040</td>\n",
       "      <td>0.676301</td>\n",
       "      <td>0.323699</td>\n",
       "      <td>0.676301</td>\n",
       "      <td>0.323699</td>\n",
       "      <td>0.679191</td>\n",
       "      <td>0.320809</td>\n",
       "    </tr>\n",
       "  </tbody>\n",
       "</table>\n",
       "</div>"
      ],
      "text/plain": [
       "         rf_acc  rf_hamming   knn_acc  knn_hamming  tree_acc  tree_hamming  \\\n",
       "S_E    0.953757    0.046243  0.930636     0.069364  0.962428      0.037572   \n",
       "O_E    0.921965    0.078035  0.919075     0.080925  0.962428      0.037572   \n",
       "BD_E   0.930636    0.069364  0.913295     0.086705  0.959538      0.040462   \n",
       "OH_E   0.930636    0.069364  0.835260     0.164740  0.962428      0.037572   \n",
       "HEL_E  0.933526    0.066474  0.815029     0.184971  0.956647      0.043353   \n",
       "P_E    0.930636    0.069364  0.809249     0.190751  0.968208      0.031792   \n",
       "B_E    0.852601    0.147399  0.806358     0.193642  0.913295      0.086705   \n",
       "BN_E   0.843931    0.156069  0.806358     0.193642  0.907514      0.092486   \n",
       "T_E    0.930636    0.069364  0.748555     0.251445  0.947977      0.052023   \n",
       "H_E    0.676301    0.323699  0.658960     0.341040  0.676301      0.323699   \n",
       "\n",
       "        svc_acc  svc_hamming    lr_acc  lr_hamming  \n",
       "S_E    0.945087     0.054913  0.872832    0.127168  \n",
       "O_E    0.933526     0.066474  0.745665    0.254335  \n",
       "BD_E   0.959538     0.040462  0.872832    0.127168  \n",
       "OH_E   0.959538     0.040462  0.875723    0.124277  \n",
       "HEL_E  0.962428     0.037572  0.875723    0.124277  \n",
       "P_E    0.962428     0.037572  0.875723    0.124277  \n",
       "B_E    0.913295     0.086705  0.783237    0.216763  \n",
       "BN_E   0.913295     0.086705  0.783237    0.216763  \n",
       "T_E    0.751445     0.248555  0.728324    0.271676  \n",
       "H_E    0.676301     0.323699  0.679191    0.320809  "
      ]
     },
     "execution_count": 151,
     "metadata": {},
     "output_type": "execute_result"
    }
   ],
   "source": [
    "final_df.sort_values('knn_hamming')"
   ]
  },
  {
   "cell_type": "code",
   "execution_count": 152,
   "metadata": {},
   "outputs": [
    {
     "data": {
      "text/html": [
       "<div>\n",
       "<style>\n",
       "    .dataframe thead tr:only-child th {\n",
       "        text-align: right;\n",
       "    }\n",
       "\n",
       "    .dataframe thead th {\n",
       "        text-align: left;\n",
       "    }\n",
       "\n",
       "    .dataframe tbody tr th {\n",
       "        vertical-align: top;\n",
       "    }\n",
       "</style>\n",
       "<table border=\"1\" class=\"dataframe\">\n",
       "  <thead>\n",
       "    <tr style=\"text-align: right;\">\n",
       "      <th></th>\n",
       "      <th>rf_acc</th>\n",
       "      <th>rf_hamming</th>\n",
       "      <th>knn_acc</th>\n",
       "      <th>knn_hamming</th>\n",
       "      <th>tree_acc</th>\n",
       "      <th>tree_hamming</th>\n",
       "      <th>svc_acc</th>\n",
       "      <th>svc_hamming</th>\n",
       "      <th>lr_acc</th>\n",
       "      <th>lr_hamming</th>\n",
       "    </tr>\n",
       "  </thead>\n",
       "  <tbody>\n",
       "    <tr>\n",
       "      <th>P_E</th>\n",
       "      <td>0.930636</td>\n",
       "      <td>0.069364</td>\n",
       "      <td>0.809249</td>\n",
       "      <td>0.190751</td>\n",
       "      <td>0.968208</td>\n",
       "      <td>0.031792</td>\n",
       "      <td>0.962428</td>\n",
       "      <td>0.037572</td>\n",
       "      <td>0.875723</td>\n",
       "      <td>0.124277</td>\n",
       "    </tr>\n",
       "    <tr>\n",
       "      <th>OH_E</th>\n",
       "      <td>0.930636</td>\n",
       "      <td>0.069364</td>\n",
       "      <td>0.835260</td>\n",
       "      <td>0.164740</td>\n",
       "      <td>0.962428</td>\n",
       "      <td>0.037572</td>\n",
       "      <td>0.959538</td>\n",
       "      <td>0.040462</td>\n",
       "      <td>0.875723</td>\n",
       "      <td>0.124277</td>\n",
       "    </tr>\n",
       "    <tr>\n",
       "      <th>O_E</th>\n",
       "      <td>0.921965</td>\n",
       "      <td>0.078035</td>\n",
       "      <td>0.919075</td>\n",
       "      <td>0.080925</td>\n",
       "      <td>0.962428</td>\n",
       "      <td>0.037572</td>\n",
       "      <td>0.933526</td>\n",
       "      <td>0.066474</td>\n",
       "      <td>0.745665</td>\n",
       "      <td>0.254335</td>\n",
       "    </tr>\n",
       "    <tr>\n",
       "      <th>S_E</th>\n",
       "      <td>0.953757</td>\n",
       "      <td>0.046243</td>\n",
       "      <td>0.930636</td>\n",
       "      <td>0.069364</td>\n",
       "      <td>0.962428</td>\n",
       "      <td>0.037572</td>\n",
       "      <td>0.945087</td>\n",
       "      <td>0.054913</td>\n",
       "      <td>0.872832</td>\n",
